$ANSIBLE_VAULT;1.1;AES256
39623737643865333961363963393862373864386163643238623638373931616533353262636631
3332373664373531636330323264353163343061376162320a326566616234643538613865316665
38656464663363353833353965346432666466666439396338663631356432363537663636343831
6162653339333961640a386434323930656337626464666435346664343235623137363762633732
32326436356338376533646234343336633732313234653237346531373635666237303463663334
36613238313466306336653031373536343235386663303261653764323836616438343835383061
38303234376136663166646263373438373665366630663236343265616437656530666234346239
38373564663666643066383139373938323962623238323331663436613039323562323137633162
30656364613835613663393861353637333230323737626538633334333139366461393930616264
37313730343136636265636264356539393534306438613639643939303063363938356562313034
35303834393234313633623734333436626337373363336434336532653765376431383461623436
37373937363838306132313038623733636537303232313837373563353663663464376664616164
32396662356363373661386435616331653931383931313739383431336639353165646235353264
30326666373133313237633636636463386162386639343264373931656637626134353431303034
61653537333731313361656438363238356530633930303736653665386234663666313939363066
38306634653430353664633564396539316439393534383231656630303539356638383332643937
32323238393234353462393433643232303138356437626430343238326265643931306661393464
30333830313235353036663663323233346235316238353632363933353261653639633330306364
64323038336664353733633766626466623064663265656434663033356663343535623939363665
36333666373138393462373335636166366537663537373764326561363138386165346362646465
62303163363966356135663862616534626362326662323834353934336464323262366330356137
65373466643166306430653766646565326437613138646230653831383763323365333534323962
30393765373336343763323733613062356162633339353466366131376666303361396562383161
32353838393766316532383732336137353861643464623136336362373363373663396363653864
66333965653661366232616465656231356262633738633563316566303164383334
